WDS	LDS	WMS	LMS	WGS	LGS	WAS	LAS	Area	Morphotypes
1.70	1.12	0.35	0.44	0.73	0.55	0.27	0.13	1	2
1.71	1.20	0.33	0.46	0.76	0.58	0.25	0.15	1	2
1.73	1.17	0.33	0.46	0.73	0.57	0.28	0.16	1	2
1.71	1.15	0.34	0.42	0.71	0.56	0.27	0.15	1	2
1.66	1.15	0.33	0.44	0.69	0.59	0.26	0.14	1	2
1.76	1.15	0.35	0.48	0.75	0.56	0.2	0.14	1	2
1.71	1.18	0.32	0.46	0.72	0.53	0.28	0.14	1	2
1.66	1.20	0.35	0.44	0.72	0.55	0.28	0.15	1	2
1.68	1.20	0.33	0.47	0.74	0.53	0.21	0.16	1	2
1.73	1.20	0.34	0.45	0.75	0.53	0.27	0.15	1	2
1.66	1.12	0.34	0.45	0.73	0.56	0.25	0.15	1	2
1.68	1.15	0.35	0.45	0.71	0.59	0.26	0.16	1	2
1.73	1.12	0.35	0.45	0.72	0.58	0.29	0.16	1	2
1.73	1.17	0.33	0.46	0.72	0.59	0.28	0.18	1	2
1.76	1.12	0.35	0.45	0.74	0.66	0.26	0.17	1	2
1.56	1.10	0.32	0.4	0.66	0.55	0.25	0.16	1	2
1.71	1.10	0.34	0.45	0.72	0.59	0.26	0.16	1	2
1.56	1.07	0.33	0.43	0.65	0.58	0.23	0.13	1	2
1.76	1.12	0.35	0.45	0.74	0.6	0.28	0.15	1	2
1.76	1.12	0.36	0.44	0.74	0.58	0.27	0.16	1	2
1.73	1.10	0.36	0.47	0.71	0.6	0.25	0.17	1	2
1.76	1.02	0.37	0.47	0.75	0.59	0.26	0.16	1	2
1.68	1.17	0.32	0.43	0.69	0.55	0.26	0.15	1	2
1.63	1.12	0.35	0.45	0.68	0.55	0.27	0.17	1	2
1.71	1.12	0.35	0.45	0.71	0.55	0.28	0.15	1	2
1.71	1.00	0.35	0.45	0.73	0.56	0.29	0.15	1	2
1.71	1.07	0.35	0.44	0.73	0.58	0.28	0.15	1	2
1.66	1.12	0.33	0.43	0.71	0.55	0.27	0.15	1	2
1.71	1.12	0.35	0.44	0.71	0.57	0.26	0.14	1	2
1.71	1.10	0.33	0.45	0.74	0.55	0.26	0.16	1	2
1.61	1.12	0.35	0.45	0.67	0.56	0.25	0.15	2	2
1.73	1.15	0.35	0.45	0.7	0.52	0.26	0.16	2	2
1.68	1.10	0.35	0.44	0.7	0.52	0.26	0.16	2	2
1.73	1.17	0.35	0.45	0.73	0.57	0.26	0.16	2	2
1.71	1.10	0.34	0.42	0.72	0.56	0.25	0.15	2	2
1.68	1.15	0.34	0.44	0.72	0.54	0.26	0.15	2	2
1.68	1.17	0.33	0.44	0.72	0.52	0.28	0.15	2	2
1.66	1.12	0.34	0.47	0.7	0.56	0.27	0.15	2	2
1.68	1.12	0.34	0.45	0.7	0.51	0.25	0.15	2	2
1.73	1.15	0.34	0.45	0.71	0.56	0.28	0.15	2	2
1.73	1.17	0.37	0.45	0.72	0.55	0.27	0.15	2	2
1.73	1.10	0.34	0.45	0.71	0.55	0.28	0.16	2	2
1.63	1.10	0.33	0.44	0.69	0.52	0.24	0.13	2	2
1.71	1.20	0.35	0.48	0.74	0.55	0.25	0.17	2	2
1.71	1.12	0.36	0.43	0.71	0.54	0.25	0.15	2	2
1.71	1.10	0.36	0.42	0.71	0.55	0.26	0.17	2	2
1.76	1.10	0.35	0.47	0.72	0.57	0.26	0.15	2	2
1.73	1.15	0.37	0.46	0.74	0.6	0.25	0.14	2	2
1.63	1.02	0.37	0.4	0.69	0.52	0.28	0.13	2	2
1.71	1.15	0.36	0.45	0.73	0.58	0.28	0.14	2	2
1.71	1.12	0.35	0.46	0.7	0.58	0.27	0.16	2	2
1.73	1.10	0.35	0.46	0.74	0.54	0.27	0.15	2	2
1.59	1.05	0.33	0.4	0.68	0.51	0.25	0.15	2	2
1.66	1.12	0.35	0.45	0.71	0.55	0.25	0.15	2	2
1.71	1.12	0.35	0.43	0.7	0.55	0.26	0.15	2	2
1.66	1.15	0.33	0.45	0.72	0.58	0.26	0.15	2	2
1.68	1.10	0.34	0.45	0.68	0.55	0.25	0.16	2	2
1.76	1.15	0.37	0.44	0.72	0.58	0.26	0.16	2	2
1.68	1.07	0.36	0.45	0.7	0.55	0.26	0.15	2	2
1.71	1.10	0.35	0.46	0.74	0.57	0.26	0.16	3	2
1.63	1.10	0.34	0.45	0.69	0.55	0.27	0.18	3	2
1.78	1.15	0.4	0.45	0.75	0.55	0.27	0.15	3	2
1.66	1.12	0.36	0.46	0.68	0.55	0.26	0.16	3	2
1.63	1.10	0.35	0.42	0.69	0.55	0.26	0.15	3	2
1.68	1.07	0.35	0.45	0.71	0.56	0.27	0.15	3	2
1.68	1.10	0.33	0.45	0.7	0.56	0.26	0.15	3	2
1.71	1.10	0.37	0.46	0.71	0.57	0.27	0.15	3	2
1.76	1.10	0.37	0.47	0.75	0.59	0.27	0.15	3	2
1.73	1.15	0.36	0.43	0.71	0.53	0.26	0.16	3	2
1.68	1.07	0.32	0.43	0.7	0.53	0.27	0.17	3	2
1.73	1.12	0.37	0.45	0.72	0.56	0.26	0.15	3	2
1.73	1.17	0.36	0.45	0.71	0.56	0.25	0.14	3	2
1.63	1.07	0.32	0.45	0.7	0.54	0.25	0.17	3	2
1.66	1.12	0.35	0.45	0.72	0.57	0.27	0.17	3	2
1.78	1.15	0.36	0.45	0.72	0.6	0.27	0.16	3	2
1.76	1.10	0.35	0.48	0.72	0.6	0.27	0.17	3	2
1.61	1.07	0.33	0.44	0.71	0.58	0.25	0.16	3	2
1.78	1.12	0.34	0.46	0.71	0.6	0.25	0.16	3	2
1.71	1.15	0.35	0.45	0.72	0.59	0.27	0.16	3	2
1.76	1.12	0.36	0.46	0.73	0.57	0.27	0.16	3	2
1.76	1.10	0.34	0.45	0.73	0.6	0.26	0.15	3	2
1.80	1.10	0.36	0.46	0.75	0.58	0.27	0.17	3	2
1.80	1.17	0.37	0.49	0.75	0.62	0.26	0.16	3	2
1.76	1.15	0.37	0.44	0.74	0.54	0.27	0.15	3	2
1.76	1.24	0.38	0.48	0.75	0.5	0.25	0.14	3	2
1.76	1.22	0.36	0.45	0.74	0.61	0.27	0.15	3	2
1.76	1.29	0.37	0.45	0.71	0.47	0.27	0.16	3	2
1.76	1.17	0.37	0.48	0.73	0.59	0.28	0.18	3	2
1.59	1.07	0.34	0.39	0.65	0.53	0.24	0.12	3	2
1.78	1.20	0.35	0.49	0.75	0.56	0.27	0.17	4	3
1.71	1.07	0.33	0.44	0.72	0.54	0.27	0.15	4	3
1.78	1.20	0.32	0.46	0.73	0.59	0.26	0.16	4	3
1.73	1.20	0.35	0.46	0.75	0.57	0.28	0.18	4	3
1.61	1.15	0.31	0.46	0.71	0.54	0.25	0.14	4	3
1.80	1.20	0.39	0.41	0.75	0.56	0.31	0.13	4	3
1.68	1.15	0.34	0.42	0.71	0.54	0.25	0.13	4	3
1.71	1.12	0.38	0.45	0.7	0.55	0.23	0.12	4	3
1.76	1.17	0.38	0.43	0.69	0.54	0.22	0.12	4	3
1.66	1.12	0.35	0.4	0.68	0.55	0.23	0.13	4	3
1.71	1.12	0.35	0.43	0.69	0.54	0.25	0.13	4	3
1.73	1.12	0.38	0.43	0.69	0.55	0.26	0.13	4	3
1.78	1.15	0.36	0.44	0.68	0.55	0.26	0.14	4	3
1.71	1.20	0.36	0.43	0.7	0.54	0.26	0.15	4	3
1.66	1.10	0.3	0.36	0.64	0.55	0.25	0.15	4	3
1.66	1.05	0.33	0.35	0.63	0.51	0.24	0.16	4	3
1.71	1.17	0.38	0.46	0.72	0.43	0.25	0.16	4	3
1.73	1.17	0.37	0.45	0.71	0.46	0.29	0.16	4	3
1.63	1.12	0.38	0.44	0.67	0.41	0.24	0.14	4	3
1.66	1.15	0.36	0.45	0.71	0.52	0.27	0.14	4	3
1.71	1.17	0.39	0.43	0.71	0.57	0.25	0.14	4	3
1.63	1.12	0.35	0.46	0.7	0.52	0.25	0.16	4	3
1.68	1.12	0.39	0.46	0.71	0.58	0.25	0.15	4	3
1.66	1.12	0.39	0.47	0.72	0.54	0.27	0.15	4	3
1.59	1.10	0.36	0.42	0.65	0.51	0.25	0.15	4	3
1.68	1.15	0.36	0.45	0.72	0.56	0.25	0.14	4	3
1.63	1.12	0.37	0.45	0.7	0.53	0.25	0.14	4	3
1.66	1.15	0.34	0.43	0.7	0.52	0.25	0.15	4	3
1.68	1.17	0.32	0.45	0.71	0.54	0.25	0.15	4	3
1.71	1.15	0.37	0.45	0.72	0.57	0.27	0.14	4	3
1.71	1.17	0.34	0.46	0.72	0.59	0.27	0.155	5	3
1.68	1.05	0.35	0.42	0.68	0.56	0.22	0.15	5	3
1.73	1.17	0.35	0.43	0.73	0.53	0.225	0.15	5	3
1.71	1.15	0.37	0.46	0.72	0.575	0.22	0.15	5	3
1.73	1.16	0.36	0.46	0.75	0.56	0.26	0.17	5	3
1.73	1.20	0.31	0.42	0.75	0.54	0.26	0.14	5	3
1.73	1.15	0.38	0.42	0.73	0.535	0.265	0.145	5	3
1.76	1.15	0.37	0.44	0.75	0.55	0.26	0.14	5	3
1.66	1.11	0.36	0.45	0.71	0.54	0.27	0.13	5	3
1.68	1.12	0.37	0.42	0.71	0.55	0.27	0.14	5	3
1.73	1.11	0.35	0.45	0.69	0.54	0.26	0.15	5	3
1.66	1.15	0.4	0.42	0.71	0.54	0.26	0.15	5	3
1.68	1.12	0.36	0.4	0.68	0.525	0.28	0.15	5	3
1.76	1.15	0.34	0.44	0.75	0.57	0.27	0.16	5	3
1.49	1.05	0.32	0.38	0.63	0.52	0.24	0.15	5	3
1.74	1.16	0.36	0.46	0.73	0.55	0.26	0.16	5	3
1.68	1.13	0.35	0.42	0.71	0.53	0.21	0.15	5	3
1.76	1.17	0.37	0.45	0.76	0.58	0.28	0.15	5	3
1.71	1.12	0.33	0.45	0.75	0.57	0.27	0.115	5	3
1.68	1.15	0.32	0.45	0.75	0.52	0.23	0.14	5	3
1.71	1.15	0.35	0.47	0.71	0.54	0.26	0.15	5	3
1.76	1.12	0.35	0.47	0.74	0.55	0.25	0.15	5	3
1.71	1.10	0.36	0.43	0.71	0.53	0.27	0.15	5	3
1.68	1.10	0.37	0.43	0.69	0.52	0.26	0.15	5	3
1.61	1.04	0.31	0.42	0.68	0.52	0.255	0.15	5	3
1.66	1.07	0.35	0.42	0.69	0.53	0.27	0.14	5	3
1.76	1.12	0.38	0.43	0.75	0.55	0.25	0.16	5	3
1.83	1.20	0.36	0.42	0.75	0.5	0.27	0.14	5	3
1.76	1.15	0.36	0.45	0.77	0.54	0.28	0.15	5	3
1.76	1.22	0.38	0.47	0.73	0.57	0.27	0.14	6	1
1.83	1.20	0.37	0.49	0.74	0.56	0.26	0.12	6	1
1.76	1.17	0.36	0.47	0.71	0.58	0.27	0.12	6	1
1.80	1.22	0.37	0.46	0.75	0.58	0.27	0.13	6	1
1.63	1.15	0.3	0.41	0.67	0.55	0.25	0.13	6	1
1.73	1.17	0.37	0.45	0.75	0.6	0.26	0.13	6	1
1.76	1.22	0.38	0.46	0.74	0.56	0.25	0.14	6	1
1.73	1.17	0.35	0.45	0.72	0.55	0.25	0.13	6	1
1.73	1.15	0.34	0.45	0.74	0.55	0.27	0.14	6	1
1.79	1.12	0.37	0.44	0.75	0.575	0.3	0.15	6	1
1.80	1.15	0.39	0.47	0.74	0.58	0.3	0.14	6	1
1.73	1.15	0.35	0.43	0.71	0.55	0.26	0.15	6	1
1.63	1.18	0.35	0.4	0.655	0.52	0.25	0.15	6	1
1.80	1.16	0.37	0.45	0.73	0.55	0.27	0.13	6	1
1.76	1.22	0.35	0.44	0.75	0.56	0.27	0.16	6	1
1.80	1.17	0.375	0.45	0.77	0.59	0.28	0.14	6	1
1.71	1.22	0.33	0.45	0.72	0.57	0.26	0.16	6	1
1.78	1.20	0.38	0.45	0.73	0.55	0.275	0.16	6	1
1.79	1.15	0.365	0.44	0.74	0.56	0.275	0.17	6	1
1.73	1.15	0.35	0.44	0.72	0.56	0.27	0.16	6	1
1.71	1.07	0.29	0.39	0.71	0.56	0.25	0.135	6	1
1.63	1.12	0.35	0.42	0.69	0.53	0.26	0.16	6	1
1.80	1.22	0.37	0.46	0.74	0.56	0.27	0.15	6	1
1.68	1.15	0.36	0.43	0.7	0.54	0.25	0.15	6	1
1.73	1.24	0.36	0.46	0.74	0.53	0.26	0.17	6	1
1.76	1.20	0.36	0.48	0.73	0.53	0.26	0.165	6	1
1.72	1.15	0.36	0.43	0.7	0.54	0.26	0.15	6	1
1.76	1.22	0.37	0.45	0.72	0.55	0.27	0.16	6	1
1.77	1.21	0.38	0.45	0.73	0.56	0.27	0.15	6	1
1.78	1.17	0.38	0.46	0.72	0.55	0.25	0.15	6	1
1.71	1.12	0.35	0.44	0.66	0.55	0.25	0.15	7	1
1.78	1.22	0.37	0.45	0.73	0.65	0.27	0.14	7	1
1.80	1.20	0.38	0.47	0.73	0.57	0.28	0.15	7	1
1.73	1.15	0.35	0.43	0.71	0.56	0.25	0.12	7	1
1.78	1.20	0.35	0.44	0.73	0.56	0.25	0.13	7	1
1.71	1.20	0.35	0.43	0.7	0.56	0.3	0.16	7	1
1.78	1.17	0.36	0.45	0.76	0.56	0.28	0.135	7	1
1.76	1.17	0.35	0.44	0.72	0.53	0.26	0.145	7	1
1.76	1.22	0.37	0.45	0.69	0.55	0.25	0.16	7	1
1.80	1.20	0.37	0.46	0.76	0.57	0.25	0.165	7	1
1.83	1.18	0.39	0.44	0.73	0.55	0.28	0.16	7	1
1.80	1.17	0.37	0.47	0.76	0.56	0.27	0.12	7	1
1.63	1.07	0.34	0.42	0.67	0.55	0.25	0.11	7	1
1.78	1.22	0.39	0.48	0.76	0.52	0.27	0.17	7	1
1.68	1.10	0.34	0.45	0.7	0.54	0.27	0.11	7	1
1.80	1.20	0.38	0.44	0.72	0.55	0.24	0.15	7	1
1.83	1.17	0.37	0.48	0.74	0.54	0.26	0.135	7	1
1.76	1.22	0.36	0.46	0.73	0.52	0.28	0.14	7	1
1.80	1.17	0.35	0.44	0.74	0.53	0.27	0.14	7	1
1.73	1.20	0.36	0.45	0.71	0.54	0.27	0.17	7	1
1.71	1.15	0.38	0.45	0.75	0.55	0.25	0.12	7	1
1.71	1.39	0.35	0.43	0.7	0.56	0.25	0.15	7	1
1.71	1.15	0.35	0.45	0.72	0.55	0.26	0.12	7	1
1.71	1.17	0.33	0.45	0.72	0.54	0.27	0.15	7	1
1.71	1.15	0.33	0.4	0.73	0.58	0.25	0.13	7	1
1.83	1.22	0.37	0.44	0.73	0.6	0.26	0.14	8	1
1.68	1.12	0.35	0.45	0.73	0.56	0.24	0.14	8	1
1.80	1.17	0.36	0.46	0.77	0.6	0.27	0.15	8	1
1.84	1.20	0.365	0.5	0.79	0.6	0.29	0.15	8	1
1.71	1.15	0.35	0.45	0.715	0.575	0.25	0.15	8	1
1.76	1.20	0.35	0.5	0.75	0.55	0.26	0.17	8	1
1.78	1.22	0.36	0.47	0.72	0.56	0.26	0.16	8	1
1.80	1.20	0.37	0.47	0.77	0.6	0.27	0.16	8	1
1.78	1.22	0.37	0.45	0.76	0.58	0.28	0.16	8	1
1.73	1.20	0.35	0.46	0.73	0.6	0.26	0.16	8	1
1.71	1.20	0.37	0.45	0.72	0.56	0.26	0.15	8	1
1.68	1.15	0.33	0.43	0.71	0.6	0.25	0.16	8	1
1.76	1.05	0.35	0.43	0.73	0.59	0.25	0.14	8	1
1.78	1.20	0.36	0.47	0.75	0.59	0.26	0.15	8	1
1.78	1.17	0.36	0.47	0.74	0.58	0.26	0.15	8	1
1.71	1.20	0.34	0.47	0.7	0.57	0.25	0.16	8	1
1.76	1.17	0.36	0.46	0.73	0.53	0.27	0.15	8	1
1.71	1.15	0.33	0.43	0.71	0.55	0.26	0.15	8	1
1.80	1.15	0.37	0.47	0.77	0.6	0.23	0.15	8	1
1.66	1.15	0.34	0.42	0.7	0.53	0.25	0.13	8	1
1.78	1.20	0.36	0.46	0.74	0.55	0.26	0.16	8	1
1.80	1.20	0.36	0.45	0.76	0.6	0.26	0.15	8	1
1.78	1.20	0.4	0.45	0.75	0.59	0.25	0.12	8	1
1.71	1.12	0.35	0.44	0.71	0.58	0.26	0.13	8	1
1.71	1.10	0.35	0.44	0.74	0.56	0.28	0.14	8	1
1.78	1.17	0.36	0.46	0.76	0.59	0.27	0.16	8	1
1.83	1.17	0.37	0.5	0.77	0.61	0.28	0.14	8	1
1.83	1.24	0.4	0.5	0.75	0.61	0.28	0.14	8	1
1.59	1.17	0.32	0.45	0.68	0.58	0.24	0.15	8	1
1.73	1.17	0.35	0.44	0.71	0.55	0.25	0.13	9	1
1.73	1.17	0.36	0.44	0.72	0.56	0.25	0.15	9	1
1.83	1.22	0.36	0.44	0.73	0.59	0.25	0.16	9	1
1.76	1.22	0.35	0.46	0.72	0.55	0.25	0.14	9	1
1.80	1.18	0.36	0.43	0.74	0.56	0.26	0.14	9	1
1.68	1.20	0.31	0.46	0.71	0.58	0.22	0.15	9	1
1.73	1.15	0.36	0.45	0.72	0.55	0.27	0.15	9	1
1.73	1.15	0.36	0.45	0.75	0.55	0.22	0.15	9	1
1.71	1.15	0.35	0.46	0.72	0.58	0.26	0.15	9	1
1.73	1.15	0.36	0.45	0.72	0.57	0.25	0.15	9	1
1.76	1.22	0.35	0.45	0.73	0.56	0.26	0.16	9	1
1.80	1.20	0.36	0.47	0.72	0.59	0.22	0.17	9	1
1.85	1.22	0.38	0.45	0.75	0.56	0.27	0.15	9	1
1.78	1.15	0.36	0.45	0.75	0.58	0.26	0.15	9	1
1.83	1.37	0.37	0.5	0.75	0.56	0.26	0.13	9	1
1.83	1.15	0.36	0.45	0.75	0.59	0.23	0.13	9	1
1.83	1.17	0.37	0.45	0.76	0.59	0.22	0.13	9	1
1.61	1.20	0.32	0.42	0.7	0.54	0.23	0.15	9	1
1.68	1.17	0.32	0.42	0.66	0.55	0.24	0.18	9	1
1.73	1.17	0.39	0.45	0.7	0.56	0.23	0.15	9	1
1.83	1.24	0.4	0.45	0.73	0.58	0.21	0.17	9	1
1.71	1.15	0.36	0.45	0.71	0.56	0.25	0.16	9	1
1.71	1.17	0.32	0.45	0.71	0.57	0.21	0.16	9	1
1.78	1.15	0.36	0.42	0.73	0.59	0.23	0.12	9	1
1.83	1.22	0.36	0.44	0.75	0.57	0.22	0.14	9	1
1.73	1.12	0.35	0.42	0.75	0.57	0.27	0.12	9	1
1.71	1.12	0.35	0.47	0.72	0.56	0.25	0.15	9	1
1.80	1.22	0.35	0.45	0.74	0.54	0.26	0.15	9	1
1.71	1.15	0.34	0.44	0.69	0.56	0.25	0.14	9	1
1.76	1.20	0.345	0.44	0.73	0.53	0.26	0.155	10	1
1.76	1.17	0.36	0.42	0.72	0.54	0.26	0.16	10	1
1.76	1.17	0.38	0.46	0.74	0.56	0.24	0.15	10	1
1.80	1.20	0.35	0.44	0.75	0.59	0.24	0.14	10	1
1.73	1.15	0.37	0.44	0.7	0.55	0.26	0.15	10	1
1.70	1.15	0.35	0.44	0.7	0.56	0.26	0.17	10	1
1.76	1.20	0.35	0.44	0.72	0.57	0.26	0.15	10	1
1.83	1.20	0.36	0.45	0.74	0.55	0.27	0.13	10	1
1.83	1.20	0.36	0.45	0.73	0.55	0.27	0.14	10	1
1.85	1.20	0.365	0.44	0.74	0.55	0.27	0.145	10	1
1.76	1.20	0.36	0.46	0.72	0.52	0.26	0.145	10	1
1.85	1.17	0.36	0.46	0.76	0.58	0.27	0.1	10	1
1.76	1.15	0.36	0.41	0.71	0.56	0.27	0.14	10	1
1.83	1.20	0.38	0.44	0.76	0.54	0.26	0.13	10	1
1.76	1.12	0.35	0.43	0.7	0.55	0.24	0.12	10	1
1.73	1.17	0.34	0.44	0.72	0.58	0.27	0.16	10	1
1.76	1.17	0.35	0.45	0.75	0.54	0.28	0.15	10	1
1.83	1.22	0.35	0.45	0.76	0.59	0.25	0.15	10	1
1.76	1.17	0.35	0.45	0.76	0.56	0.24	0.125	10	1
1.88	1.21	0.38	0.46	0.75	0.6	0.26	0.13	10	1
1.80	1.20	0.36	0.45	0.74	0.58	0.27	0.13	10	1
1.80	1.20	0.37	0.46	0.74	0.55	0.27	0.13	10	1
1.83	1.17	0.38	0.44	0.74	0.58	0.25	0.1	10	1
1.76	1.17	0.39	0.47	0.71	0.58	0.26	0.12	10	1
1.76	1.18	0.36	0.46	0.73	0.59	0.29	0.13	10	1
1.83	1.18	0.36	0.46	0.75	0.58	0.27	0.14	10	1
1.83	1.17	0.38	0.43	0.77	0.59	0.27	0.11	10	1
1.77	1.22	0.34	0.48	0.72	0.54	0.26	0.15	10	1
1.80	1.24	0.36	0.465	0.75	0.585	0.27	0.17	10	1
1.85	1.24	0.33	0.49	0.78	0.595	0.26	0.17	10	1
1.63	1.10	0.34	0.41	0.69	0.57	0.27	0.15	11	3
1.73	1.12	0.37	0.45	0.72	0.55	0.27	0.15	11	3
1.63	1.15	0.31	0.43	0.69	0.57	0.25	0.15	11	3
1.68	1.15	0.35	0.42	0.7	0.56	0.25	0.14	11	3
1.73	1.15	0.38	0.45	0.72	0.55	0.24	0.15	11	3
1.68	1.10	0.35	0.42	0.7	0.53	0.25	0.15	11	3
1.76	1.20	0.37	0.46	0.72	0.55	0.25	0.15	11	3
1.66	1.15	0.33	0.42	0.7	0.53	0.25	0.12	11	3
1.63	1.10	0.34	0.4	0.64	0.52	0.25	0.12	11	3
1.68	1.15	0.35	0.45	0.71	0.54	0.26	0.13	11	3
1.63	1.12	0.3	0.45	0.7	0.55	0.25	0.15	11	3
1.71	1.15	0.36	0.45	0.7	0.52	0.23	0.15	11	3
1.59	1.12	0.35	0.45	0.68	0.45	0.25	0.13	11	3
1.73	1.12	0.34	0.43	0.71	0.55	0.25	0.14	11	3
1.63	1.10	0.32	0.45	0.65	0.53	0.25	0.15	11	3
1.71	1.12	0.35	0.44	0.73	0.53	0.26	0.16	11	3
1.66	1.15	0.32	0.38	0.66	0.55	0.25	0.15	11	3
1.59	1.10	0.31	0.37	0.65	0.55	0.25	0.15	11	3
1.71	1.15	0.33	0.45	0.73	0.54	0.25	0.14	11	3
1.66	1.12	0.35	0.42	0.69	0.56	0.26	0.15	12	2
1.76	1.17	0.38	0.47	0.72	0.56	0.26	0.16	12	2
1.76	1.07	0.35	0.46	0.7	0.58	0.26	0.15	12	2
1.76	1.10	0.35	0.43	0.71	0.55	0.27	0.15	12	2
1.71	1.15	0.35	0.45	0.71	0.54	0.28	0.15	12	2
1.59	1.10	0.31	0.38	0.63	0.53	0.25	0.16	12	2
1.76	1.15	0.35	0.45	0.72	0.56	0.27	0.16	12	2
1.76	1.15	0.36	0.48	0.75	0.56	0.28	0.16	12	2
1.76	1.12	0.35	0.46	0.73	0.54	0.5	0.17	12	2
1.76	1.15	0.37	0.47	0.72	0.55	0.27	0.16	12	2
1.73	1.15	0.35	0.46	0.72	0.54	0.27	0.15	12	2
1.68	1.10	0.37	0.46	0.71	0.54	0.26	0.16	12	2
1.73	1.15	0.35	0.47	0.72	0.56	0.26	0.16	12	2
1.76	1.07	0.35	0.43	0.71	0.55	0.26	0.16	12	2
1.71	1.15	0.36	0.46	0.71	0.57	0.26	0.16	12	2
1.76	1.15	0.36	0.45	0.73	0.62	0.26	0.17	12	2
1.73	1.15	0.41	0.45	0.71	0.55	0.26	0.16	12	2
1.71	1.15	0.37	0.44	0.7	0.54	0.27	0.15	12	2
1.73	1.12	0.36	0.45	0.72	0.56	0.27	0.17	12	2
1.73	1.15	0.37	0.46	0.71	0.56	0.25	0.15	12	2
1.71	1.10	0.35	0.45	0.71	0.56	0.26	0.16	12	2
1.73	1.15	0.37	0.46	0.72	0.55	0.26	0.15	12	2
1.73	1.20	0.35	0.46	0.73	0.58	0.37	0.16	12	2
1.76	1.10	0.35	0.47	0.75	0.57	0.25	0.16	12	2
1.76	1.17	0.38	0.47	0.72	0.56	0.26	0.16	12	2
1.76	1.15	0.35	0.45	0.71	0.54	0.28	0.15	12	2
1.76	1.15	0.36	0.45	0.73	0.62	0.26	0.17	12	2
1.76	1.15	0.36	0.45	0.73	0.62	0.26	0.17	12	2
1.76	1.10	0.35	0.47	0.75	0.57	0.25	0.16	12	2
