parasites	cell			
0	0.014			
0	0.283			
0	0.354			
0	0.366			
0	0.372			
0	0.386			
0	0.389			
0	0.392			
0	0.393			
0	0.393			
0	0.393			
0	0.396			
0	0.396			
0	0.397			
0	0.401			
0	0.404			
0	0.406			
0	0.407			
0	0.407			
0	0.407			
0	0.407			
0	0.407			
0	0.409			
0	0.409			
0	0.409			
0	0.413			
0	0.414			
0	0.414			
0	0.415			
0	0.415			
0	0.415			
0	0.415			
0	0.415			
0	0.415			
0	0.416			
0	0.416			
0	0.417			
0	0.418			
0	0.418			
0	0.418			
0	0.418			
0	0.418			
0	0.418			
0	0.421			
0	0.421			
0	0.421			
0	0.421			
0	0.421			
0	0.421			
0	0.424			
0	0.424			
0	0.425			
0	0.425			
0	0.425			
0	0.425			
0	0.426			
0	0.426			
0	0.426			
0	0.426			
0	0.427			
0	0.427			
0	0.427			
0	0.427			
0	0.428			
0	0.429			
0	0.430			
0	0.430			
0	0.430			
0	0.430			
0	0.430			
0	0.43			
0	0.431			
0	0.432			
0	0.432			
0	0.434			
0	0.434			
0	0.434			
0	0.434			
0	0.434			
0	0.434			
0	0.434			
0	0.435			
0	0.436			
0	0.436			
0	0.436			
0	0.438			
0	0.438			
0	0.438			
0	0.440			
0	0.440			
0	0.441			
0	0.441			
0	0.442			
0	0.442			
0	0.442			
0	0.442			
0	0.442			
0	0.442			
0	0.442			
0	0.442			
0	0.443			
0	0.444			
0	0.444			
0	0.444			
0	0.444			
0	0.444			
0	0.444			
0	0.445			
0	0.445			
0	0.445			
0	0.445			
0	0.445			
0	0.445			
0	0.446			
0	0.446			
0	0.446			
0	0.446			
0	0.446			
0	0.446			
0	0.446			
0	0.446			
0	0.446			
0	0.447			
0	0.447			
0	0.447			
0	0.447			
0	0.447			
0	0.447			
0	0.447			
0	0.447			
0	0.447			
0	0.448			
0	0.448			
0	0.448			
0	0.448			
0	0.449			
0	0.450			
0	0.450			
0	0.450			
0	0.450			
0	0.450			
0	0.450			
0	0.450			
0	0.450			
0	0.450			
0	0.451			
0	0.451			
0	0.451			
0	0.451			
0	0.452			
0	0.452			
0	0.454			
0	0.454			
0	0.454			
0	0.454			
0	0.454			
0	0.455			
0	0.455			
0	0.455			
0	0.456			
0	0.456			
0	0.456			
0	0.456			
0	0.456			
0	0.456			
0	0.456			
0	0.456			
0	0.456			
0	0.456			
0	0.456			
0	0.456			
0	0.457			
0	0.457			
0	0.457			
0	0.457			
0	0.457			
0	0.457			
0	0.457			
0	0.458			
0	0.458			
0	0.458			
0	0.459			
0	0.459			
0	0.459			
0	0.459			
0	0.459			
0	0.459			
0	0.459			
0	0.460			
0	0.460			
0	0.460			
0	0.461			
0	0.461			
0	0.461			
0	0.461			
0	0.461			
0	0.461			
0	0.461			
0	0.461			
0	0.461			
0	0.462			
0	0.462			
0	0.462			
0	0.462			
0	0.462			
0	0.462			
0	0.462			
0	0.462			
0	0.462			
0	0.463			
0	0.463			
0	0.463			
0	0.464			
0	0.464			
0	0.465			
0	0.465			
0	0.465			
0	0.465			
0	0.465			
0	0.466			
0	0.466			
0	0.466			
0	0.466			
0	0.466			
0	0.466			
0	0.466			
0	0.466			
0	0.466			
0	0.466			
0	0.466			
0	0.466			
0	0.466			
0	0.466			
0	0.467			
0	0.467			
0	0.467			
0	0.467			
0	0.467			
0	0.467			
0	0.467			
0	0.467			
0	0.467			
0	0.467			
0	0.467			
0	0.467			
0	0.467			
0	0.468			
0	0.468			
0	0.468			
0	0.468			
0	0.468			
0	0.468			
0	0.469			
0	0.469			
0	0.469			
0	0.469			
0	0.469			
0	0.469			
0	0.469			
0	0.470			
0	0.470			
0	0.470			
0	0.470			
0	0.470			
0	0.470			
0	0.470			
0	0.470			
0	0.470			
0	0.471			
0	0.471			
0	0.471			
0	0.471			
0	0.471			
0	0.471			
0	0.471			
0	0.471			
0	0.472			
0	0.472			
0	0.472			
0	0.472			
0	0.472			
0	0.472			
0	0.472			
0	0.472			
0	0.472			
0	0.472			
0	0.473			
0	0.473			
0	0.473			
0	0.473			
0	0.474			
0	0.474			
0	0.474			
0	0.474			
0	0.474			
0	0.474			
0	0.474			
0	0.474			
0	0.474			
0	0.474			
0	0.474			
0	0.474			
0	0.474			
0	0.474			
0	0.474			
0	0.474			
0	0.474			
0	0.475			
0	0.475			
0	0.475			
0	0.475			
0	0.476			
0	0.476			
0	0.476			
0	0.476			
0	0.476			
0	0.476			
0	0.476			
0	0.477			
0	0.477			
0	0.477			
0	0.477			
0	0.477			
0	0.477			
0	0.477			
0	0.477			
0	0.477			
0	0.477			
0	0.477			
0	0.477			
0	0.477			
0	0.477			
0	0.478			
0	0.478			
0	0.478			
0	0.478			
0	0.478			
0	0.478			
0	0.479			
0	0.479			
0	0.479			
0	0.479			
0	0.479			
0	0.479			
0	0.479			
0	0.479			
0	0.479			
0	0.479			
0	0.479			
0	0.479			
0	0.479			
0	0.479			
0	0.480			
0	0.480			
0	0.48			
0	0.48			
0	0.48			
0	0.481			
0	0.481			
0	0.481			
0	0.481			
0	0.482			
0	0.482			
0	0.482			
0	0.482			
0	0.482			
0	0.482			
0	0.482			
0	0.482			
0	0.482			
0	0.482			
0	0.482			
0	0.482			
0	0.482			
0	0.482			
0	0.482			
0	0.482			
0	0.482			
0	0.482			
0	0.482			
0	0.482			
0	0.482			
0	0.483			
0	0.483			
0	0.483			
0	0.483			
0	0.483			
0	0.484			
0	0.484			
0	0.484			
0	0.484			
0	0.484			
0	0.484			
0	0.484			
0	0.484			
0	0.484			
0	0.484			
0	0.484			
0	0.484			
0	0.485			
0	0.485			
0	0.485			
0	0.485			
0	0.485			
0	0.485			
0	0.485			
0	0.485			
0	0.485			
0	0.485			
0	0.485			
0	0.485			
0	0.485			
0	0.485			
0	0.486			
0	0.486			
0	0.486			
0	0.486			
0	0.486			
0	0.486			
0	0.486			
0	0.486			
0	0.486			
0	0.486			
0	0.486			
0	0.486			
0	0.486			
0	0.486			
0	0.486			
0	0.486			
0	0.486			
0	0.486			
0	0.486			
0	0.486			
0	0.486			
0	0.487			
0	0.487			
0	0.487			
0	0.487			
0	0.487			
0	0.487			
0	0.487			
0	0.487			
0	0.488			
0	0.488			
0	0.488			
0	0.488			
0	0.488			
0	0.488			
0	0.488			
0	0.488			
0	0.488			
0	0.488			
0	0.488			
0	0.489			
0	0.489			
0	0.489			
0	0.489			
0	0.490			
0	0.490			
0	0.490			
0	0.490			
0	0.490			
0	0.490			
0	0.490			
0	0.490			
0	0.490			
0	0.490			
0	0.490			
0	0.490			
0	0.490			
0	0.490			
0	0.490			
0	0.490			
0	0.490			
0	0.491			
0	0.491			
0	0.491			
0	0.491			
0	0.491			
0	0.491			
0	0.491			
0	0.491			
0	0.492			
0	0.492			
0	0.492			
0	0.492			
0	0.492			
0	0.492			
0	0.492			
0	0.493			
0	0.493			
0	0.493			
0	0.494			
0	0.494			
0	0.494			
0	0.494			
0	0.494			
0	0.494			
0	0.494			
0	0.494			
0	0.494			
0	0.494			
0	0.494			
0	0.494			
0	0.494			
0	0.494			
0	0.494			
0	0.494			
0	0.495			
0	0.495			
0	0.495			
0	0.495			
0	0.496			
0	0.496			
0	0.496			
0	0.496			
0	0.496			
0	0.496			
0	0.496			
0	0.496			
0	0.496			
0	0.496			
0	0.496			
0	0.496			
0	0.496			
0	0.496			
0	0.496			
0	0.496			
0	0.496			
0	0.496			
0	0.496			
0	0.496			
0	0.496			
0	0.496			
0	0.496			
0	0.496			
0	0.497			
0	0.497			
0	0.497			
0	0.497			
0	0.497			
0	0.497			
0	0.497			
0	0.497			
0	0.497			
0	0.497			
0	0.498			
0	0.498			
0	0.498			
0	0.498			
0	0.498			
0	0.498			
0	0.498			
0	0.498			
0	0.498			
0	0.498			
0	0.498			
0	0.498			
0	0.499			
0	0.499			
0	0.500			
0	0.500			
0	0.500			
0	0.500			
0	0.500			
0	0.500			
0	0.500			
0	0.500			
0	0.500			
0	0.500			
0	0.500			
0	0.500			
0	0.500			
0	0.500			
0	0.500			
0	0.500			
0	0.500			
0	0.500			
0	0.500			
0	0.500			
0	0.500			
0	0.500			
0	0.500			
0	0.500			
0	0.501			
0	0.501			
0	0.501			
0	0.501			
0	0.501			
0	0.501			
0	0.502			
0	0.502			
0	0.502			
0	0.502			
0	0.502			
0	0.502			
0	0.503			
0	0.503			
0	0.503			
0	0.503			
0	0.503			
0	0.503			
0	0.503			
0	0.503			
0	0.503			
0	0.504			
0	0.504			
0	0.504			
0	0.504			
0	0.505			
0	0.505			
0	0.505			
0	0.505			
0	0.505			
0	0.505			
0	0.505			
0	0.505			
0	0.505			
0	0.505			
0	0.505			
0	0.505			
0	0.505			
0	0.505			
0	0.505			
0	0.505			
0	0.505			
0	0.505			
0	0.505			
0	0.505			
0	0.505			
0	0.505			
0	0.505			
0	0.506			
0	0.506			
0	0.506			
0	0.506			
0	0.506			
0	0.506			
0	0.506			
0	0.506			
0	0.506			
0	0.506			
0	0.506			
0	0.507			
0	0.507			
0	0.507			
0	0.507			
0	0.507			
0	0.507			
0	0.507			
0	0.507			
0	0.507			
0	0.507			
0	0.507			
0	0.507			
0	0.507			
0	0.507			
0	0.507			
0	0.507			
0	0.507			
0	0.507			
0	0.507			
0	0.508			
0	0.508			
0	0.508			
0	0.508			
0	0.508			
0	0.509			
0	0.509			
0	0.510			
0	0.510			
0	0.510			
0	0.510			
0	0.510			
0	0.51			
0	0.510			
0	0.510			
0	0.510			
0	0.510			
0	0.510			
0	0.510			
0	0.510			
0	0.510			
0	0.510			
0	0.510			
0	0.510			
0	0.510			
0	0.510			
0	0.511			
0	0.511			
0	0.511			
0	0.511			
0	0.511			
0	0.511			
0	0.511			
0	0.511			
0	0.511			
0	0.511			
0	0.511			
0	0.511			
0	0.511			
0	0.511			
0	0.511			
0	0.511			
0	0.511			
0	0.511			
0	0.511			
0	0.511			
0	0.512			
0	0.512			
0	0.512			
0	0.512			
0	0.512			
0	0.512			
0	0.512			
0	0.512			
0	0.512			
0	0.512			
0	0.512			
0	0.513			
0	0.513			
0	0.513			
0	0.513			
0	0.513			
0	0.513			
0	0.513			
0	0.514			
0	0.514			
0	0.514			
0	0.514			
0	0.514			
0	0.514			
0	0.515			
0	0.515			
0	0.515			
0	0.515			
0	0.515			
0	0.515			
0	0.515			
0	0.516			
0	0.516			
0	0.516			
0	0.516			
0	0.516			
0	0.516			
0	0.516			
0	0.516			
0	0.516			
0	0.516			
0	0.516			
0	0.516			
0	0.516			
0	0.516			
0	0.516			
0	0.516			
0	0.516			
0	0.516			
0	0.516			
0	0.516			
0	0.516			
0	0.516			
0	0.516			
0	0.516			
0	0.516			
0	0.516			
0	0.516			
0	0.516			
0	0.516			
0	0.516			
0	0.517			
0	0.518			
0	0.518			
0	0.518			
0	0.518			
0	0.518			
0	0.518			
0	0.518			
0	0.518			
0	0.518			
0	0.518			
0	0.518			
0	0.518			
0	0.518			
0	0.518			
0	0.518			
0	0.518			
0	0.518			
0	0.518			
0	0.518			
0	0.519			
0	0.519			
0	0.519			
0	0.519			
0	0.519			
0	0.519			
0	0.519			
0	0.519			
0	0.519			
0	0.519			
0	0.519			
0	0.519			
0	0.519			
0	0.519			
0	0.520			
0	0.520			
0	0.520			
0	0.52			
0	0.52			
0	0.52			
0	0.521			
0	0.521			
0	0.521			
0	0.521			
0	0.521			
0	0.521			
0	0.521			
0	0.521			
0	0.521			
0	0.521			
0	0.522			
0	0.522			
0	0.522			
0	0.522			
0	0.522			
0	0.522			
0	0.522			
0	0.522			
0	0.522			
0	0.522			
0	0.522			
0	0.522			
0	0.522			
0	0.522			
0	0.522			
0	0.522			
0	0.522			
0	0.522			
0	0.523			
0	0.523			
0	0.523			
0	0.523			
0	0.523			
0	0.523			
0	0.523			
0	0.523			
0	0.523			
0	0.523			
0	0.523			
0	0.523			
0	0.524			
0	0.524			
0	0.524			
0	0.525			
0	0.525			
0	0.525			
0	0.525			
0	0.525			
0	0.525			
0	0.525			
0	0.525			
0	0.525			
0	0.525			
0	0.525			
0	0.525			
0	0.525			
0	0.525			
0	0.525			
0	0.525			
0	0.525			
0	0.525			
0	0.525			
0	0.525			
0	0.525			
0	0.525			
0	0.525			
0	0.526			
0	0.526			
0	0.526			
0	0.526			
0	0.526			
0	0.526			
0	0.526			
0	0.526			
0	0.526			
0	0.526			
0	0.526			
0	0.526			
0	0.526			
0	0.527			
0	0.527			
0	0.527			
0	0.527			
0	0.527			
0	0.527			
0	0.527			
0	0.527			
0	0.527			
0	0.527			
0	0.527			
0	0.527			
0	0.527			
0	0.527			
0	0.528			
0	0.528			
0	0.528			
0	0.528			
0	0.528			
0	0.528			
0	0.528			
0	0.528			
0	0.528			
0	0.528			
0	0.528			
0	0.529			
0	0.530			
0	0.530			
0	0.530			
0	0.530			
0	0.530			
0	0.530			
0	0.530			
0	0.530			
0	0.53			
0	0.53			
0	0.53			
0	0.53			
0	0.53			
0	0.530			
0	0.530			
0	0.530			
0	0.531			
0	0.531			
0	0.531			
0	0.531			
0	0.531			
0	0.532			
0	0.532			
0	0.532			
0	0.532			
0	0.533			
0	0.533			
0	0.533			
0	0.533			
0	0.533			
0	0.533			
0	0.533			
0	0.533			
0	0.533			
0	0.533			
0	0.533			
0	0.533			
0	0.533			
0	0.533			
0	0.533			
0	0.533			
0	0.533			
0	0.533			
0	0.533			
0	0.533			
0	0.534			
0	0.534			
0	0.534			
0	0.534			
0	0.534			
0	0.534			
0	0.534			
0	0.534			
0	0.535			
0	0.535			
0	0.535			
0	0.535			
0	0.535			
0	0.535			
0	0.535			
0	0.535			
0	0.536			
0	0.536			
0	0.536			
0	0.536			
0	0.536			
0	0.536			
0	0.536			
0	0.536			
0	0.536			
0	0.537			
0	0.537			
0	0.537			
0	0.538			
0	0.538			
0	0.538			
0	0.538			
0	0.538			
0	0.538			
0	0.538			
0	0.538			
0	0.538			
0	0.538			
0	0.538			
0	0.538			
0	0.538			
0	0.538			
0	0.538			
0	0.538			
0	0.539			
0	0.539			
0	0.539			
0	0.539			
0	0.539			
0	0.540			
0	0.540			
0	0.540			
0	0.540			
0	0.540			
0	0.540			
0	0.540			
0	0.540			
0	0.540			
0	0.540			
0	0.540			
0	0.540			
0	0.540			
0	0.540			
0	0.540			
0	0.540			
0	0.540			
0	0.540			
0	0.540			
0	0.540			
0	0.540			
0	0.540			
0	0.540			
0	0.540			
0	0.540			
0	0.540			
0	0.540			
0	0.54			
0	0.54			
0	0.54			
0	0.54			
0	0.541			
0	0.541			
0	0.541			
0	0.541			
0	0.541			
0	0.541			
0	0.542			
0	0.542			
0	0.542			
0	0.542			
0	0.542			
0	0.542			
0	0.542			
0	0.542			
0	0.542			
0	0.543			
0	0.543			
0	0.543			
0	0.544			
0	0.544			
0	0.544			
0	0.544			
0	0.544			
0	0.544			
0	0.544			
0	0.544			
0	0.544			
0	0.544			
0	0.544			
0	0.544			
0	0.544			
0	0.544			
0	0.544			
0	0.545			
0	0.545			
0	0.545			
0	0.545			
0	0.545			
0	0.545			
0	0.545			
0	0.545			
0	0.545			
0	0.545			
0	0.545			
0	0.545			
0	0.545			
0	0.545			
0	0.545			
0	0.545			
0	0.545			
0	0.545			
0	0.547			
0	0.547			
0	0.547			
0	0.547			
0	0.547			
0	0.547			
0	0.547			
0	0.547			
0	0.548			
0	0.548			
0	0.548			
0	0.548			
0	0.548			
0	0.548			
0	0.549			
0	0.549			
0	0.549			
0	0.549			
0	0.549			
0	0.549			
0	0.549			
0	0.549			
0	0.549			
0	0.549			
0	0.549			
0	0.549			
0	0.549			
0	0.549			
0	0.549			
0	0.549			
0	0.549			
0	0.549			
0	0.549			
0	0.549			
0	0.549			
0	0.549			
0	0.549			
0	0.549			
0	0.550			
0	0.550			
0	0.550			
0	0.550			
0	0.550			
0	0.550			
0	0.550			
0	0.55			
0	0.550			
0	0.552			
0	0.552			
0	0.552			
0	0.552			
0	0.552			
0	0.552			
0	0.552			
0	0.552			
0	0.552			
0	0.553			
0	0.553			
0	0.553			
0	0.553			
0	0.553			
0	0.553			
0	0.553			
0	0.553			
0	0.553			
0	0.554			
0	0.555			
0	0.555			
0	0.555			
0	0.555			
0	0.555			
0	0.555			
0	0.555			
0	0.555			
0	0.555			
0	0.555			
0	0.555			
0	0.555			
0	0.555			
0	0.555			
0	0.555			
0	0.556			
0	0.556			
0	0.556			
0	0.556			
0	0.556			
0	0.556			
0	0.556			
0	0.556			
0	0.556			
0	0.556			
0	0.556			
0	0.556			
0	0.556			
0	0.556			
0	0.556			
0	0.556			
0	0.556			
0	0.556			
0	0.556			
0	0.557			
0	0.557			
0	0.558			
0	0.558			
0	0.558			
0	0.558			
0	0.558			
0	0.558			
0	0.558			
0	0.558			
0	0.558			
0	0.558			
0	0.558			
0	0.559			
0	0.560			
0	0.560			
0	0.560			
0	0.560			
0	0.560			
0	0.560			
0	0.56			
0	0.56			
0	0.56			
0	0.56			
0	0.56			
0	0.56			
0	0.56			
0	0.561			
0	0.561			
0	0.561			
0	0.561			
0	0.561			
0	0.562			
0	0.562			
0	0.562			
0	0.563			
0	0.563			
0	0.563			
0	0.563			
0	0.564			
0	0.564			
0	0.565			
0	0.565			
0	0.565			
0	0.565			
0	0.565			
0	0.565			
0	0.565			
0	0.566			
0	0.566			
0	0.566			
0	0.566			
0	0.566			
0	0.566			
0	0.567			
0	0.567			
0	0.567			
0	0.567			
0	0.567			
0	0.567			
0	0.568			
0	0.568			
0	0.569			
0	0.569			
0	0.569			
0	0.569			
0	0.569			
0	0.569			
0	0.569			
0	0.569			
0	0.569			
0	0.570			
0	0.570			
0	0.571			
0	0.571			
0	0.571			
0	0.571			
0	0.571			
0	0.571			
0	0.572			
0	0.572			
0	0.572			
0	0.572			
0	0.572			
0	0.573			
0	0.573			
0	0.574			
0	0.574			
0	0.574			
0	0.574			
0	0.574			
0	0.574			
0	0.574			
0	0.574			
0	0.574			
0	0.575			
0	0.576			
0	0.576			
0	0.576			
0	0.577			
0	0.577			
0	0.577			
0	0.577			
0	0.577			
0	0.577			
0	0.577			
0	0.577			
0	0.577			
0	0.577			
0	0.578			
0	0.578			
0	0.578			
0	0.580			
0	0.580			
0	0.580			
0	0.581			
0	0.581			
0	0.581			
0	0.581			
0	0.581			
0	0.581			
0	0.581			
0	0.582			
0	0.582			
0	0.583			
0	0.583			
0	0.584			
0	0.584			
0	0.584			
0	0.584			
0	0.584			
0	0.584			
0	0.584			
0	0.585			
0	0.585			
0	0.585			
0	0.585			
0	0.587			
0	0.588			
0	0.588			
0	0.588			
0	0.588			
0	0.588			
0	0.589			
0	0.589			
0	0.589			
0	0.590			
0	0.59			
0	0.59			
0	0.59			
0	0.591			
0	0.593			
0	0.593			
0	0.593			
0	0.594			
0	0.594			
0	0.594			
0	0.594			
0	0.594			
0	0.594			
0	0.594			
0	0.594			
0	0.594			
0	0.597			
0	0.597			
0	0.597			
0	0.597			
0	0.597			
0	0.597			
0	0.598			
0	0.598			
0	0.6			
0	0.6			
0	0.601			
0	0.601			
0	0.601			
0	0.601			
0	0.604			
0	0.604			
0	0.604			
0	0.605			
0	0.606			
0	0.606			
0	0.608			
0	0.61			
0	0.611			
0	0.612			
0	0.612			
0	0.612			
0	0.612			
0	0.615			
0	0.615			
0	0.615			
0	0.615			
0	0.619			
0	0.619			
0	0.619			
0	0.621			
0	0.621			
0	0.623			
0	0.624			
0	0.626			
0	0.626			
0	0.629			
0	0.631			
0	0.632			
0	0.632			
0	0.636			
0	0.636			
0	0.637			
0	0.638			
0	0.639			
0	0.640			
0	0.649			
0	0.649			
0	0.663			
0	0.69			
0	0.69			
0	0.69			
1	0.371			
1	0.371			
1	0.393			
1	0.393			
1	0.397			
1	0.399			
1	0.404			
1	0.406			
1	0.409			
1	0.413			
1	0.415			
1	0.418			
1	0.425			
1	0.426			
1	0.426			
1	0.426			
1	0.427			
1	0.427			
1	0.427			
1	0.427			
1	0.427			
1	0.430			
1	0.430			
1	0.431			
1	0.432			
1	0.434			
1	0.434			
1	0.434			
1	0.434			
1	0.434			
1	0.434			
1	0.434			
1	0.434			
1	0.434			
1	0.434			
1	0.435			
1	0.436			
1	0.436			
1	0.438			
1	0.438			
1	0.438			
1	0.438			
1	0.438			
1	0.438			
1	0.438			
1	0.438			
1	0.439			
1	0.439			
1	0.439			
1	0.439			
1	0.439			
1	0.441			
1	0.442			
1	0.442			
1	0.442			
1	0.442			
1	0.442			
1	0.442			
1	0.442			
1	0.442			
1	0.444			
1	0.445			
1	0.446			
1	0.446			
1	0.446			
1	0.446			
1	0.446			
1	0.447			
1	0.447			
1	0.447			
1	0.447			
1	0.448			
1	0.450			
1	0.450			
1	0.450			
1	0.450			
1	0.450			
1	0.450			
1	0.450			
1	0.451			
1	0.451			
1	0.452			
1	0.452			
1	0.454			
1	0.454			
1	0.454			
1	0.454			
1	0.455			
1	0.455			
1	0.455			
1	0.456			
1	0.456			
1	0.456			
1	0.456			
1	0.458			
1	0.459			
1	0.459			
1	0.459			
1	0.459			
1	0.459			
1	0.459			
1	0.459			
1	0.460			
1	0.460			
1	0.460			
1	0.461			
1	0.462			
1	0.462			
1	0.462			
1	0.462			
1	0.462			
1	0.462			
1	0.462			
1	0.462			
1	0.464			
1	0.464			
1	0.465			
1	0.465			
1	0.466			
1	0.466			
1	0.466			
1	0.466			
1	0.466			
1	0.466			
1	0.468			
1	0.468			
1	0.468			
1	0.468			
1	0.470			
1	0.470			
1	0.470			
1	0.470			
1	0.470			
1	0.470			
1	0.470			
1	0.471			
1	0.471			
1	0.471			
1	0.471			
1	0.471			
1	0.471			
1	0.471			
1	0.473			
1	0.474			
1	0.474			
1	0.474			
1	0.474			
1	0.474			
1	0.474			
1	0.475			
1	0.475			
1	0.475			
1	0.476			
1	0.477			
1	0.477			
1	0.477			
1	0.477			
1	0.477			
1	0.478			
1	0.478			
1	0.478			
1	0.478			
1	0.479			
1	0.479			
1	0.479			
1	0.479			
1	0.479			
1	0.479			
1	0.479			
1	0.479			
1	0.479			
1	0.479			
1	0.480			
1	0.480			
1	0.480			
1	0.480			
1	0.480			
1	0.480			
1	0.480			
1	0.480			
1	0.480			
1	0.482			
1	0.482			
1	0.482			
1	0.482			
1	0.482			
1	0.482			
1	0.483			
1	0.483			
1	0.483			
1	0.484			
1	0.484			
1	0.484			
1	0.485			
1	0.485			
1	0.485			
1	0.485			
1	0.485			
1	0.485			
1	0.485			
1	0.485			
1	0.486			
1	0.486			
1	0.486			
1	0.486			
1	0.486			
1	0.486			
1	0.486			
1	0.487			
1	0.487			
1	0.488			
1	0.488			
1	0.488			
1	0.488			
1	0.488			
1	0.489			
1	0.490			
1	0.490			
1	0.490			
1	0.490			
1	0.490			
1	0.490			
1	0.490			
1	0.491			
1	0.491			
1	0.491			
1	0.491			
1	0.491			
1	0.491			
1	0.491			
1	0.491			
1	0.491			
1	0.491			
1	0.492			
1	0.492			
1	0.492			
1	0.492			
1	0.492			
1	0.492			
1	0.492			
1	0.492			
1	0.493			
1	0.493			
1	0.493			
1	0.493			
1	0.494			
1	0.494			
1	0.494			
1	0.494			
1	0.495			
1	0.495			
1	0.495			
1	0.495			
1	0.495			
1	0.496			
1	0.496			
1	0.496			
1	0.496			
1	0.497			
1	0.497			
1	0.497			
1	0.497			
1	0.497			
1	0.497			
1	0.497			
1	0.497			
1	0.497			
1	0.497			
1	0.497			
1	0.498			
1	0.498			
1	0.498			
1	0.499			
1	0.499			
1	0.500			
1	0.500			
1	0.500			
1	0.500			
1	0.501			
1	0.501			
1	0.501			
1	0.501			
1	0.502			
1	0.502			
1	0.503			
1	0.503			
1	0.504			
1	0.504			
1	0.504			
1	0.504			
1	0.505			
1	0.505			
1	0.506			
1	0.506			
1	0.507			
1	0.507			
1	0.507			
1	0.507			
1	0.507			
1	0.507			
1	0.507			
1	0.507			
1	0.507			
1	0.508			
1	0.508			
1	0.508			
1	0.508			
1	0.508			
1	0.509			
1	0.509			
1	0.509			
1	0.509			
1	0.509			
1	0.509			
1	0.510			
1	0.510			
1	0.510			
1	0.510			
1	0.510			
1	0.511			
1	0.511			
1	0.511			
1	0.511			
1	0.512			
1	0.512			
1	0.512			
1	0.512			
1	0.512			
1	0.512			
1	0.512			
1	0.513			
1	0.514			
1	0.514			
1	0.514			
1	0.514			
1	0.514			
1	0.514			
1	0.514			
1	0.514			
1	0.514			
1	0.514			
1	0.514			
1	0.514			
1	0.514			
1	0.514			
1	0.515			
1	0.515			
1	0.515			
1	0.515			
1	0.515			
1	0.515			
1	0.515			
1	0.515			
1	0.515			
1	0.515			
1	0.515			
1	0.515			
1	0.515			
1	0.516			
1	0.516			
1	0.516			
1	0.516			
1	0.516			
1	0.516			
1	0.516			
1	0.516			
1	0.517			
1	0.518			
1	0.518			
1	0.518			
1	0.518			
1	0.518			
1	0.518			
1	0.518			
1	0.518			
1	0.518			
1	0.518			
1	0.518			
1	0.519			
1	0.519			
1	0.519			
1	0.519			
1	0.520			
1	0.520			
1	0.520			
1	0.520			
1	0.520			
1	0.520			
1	0.520			
1	0.520			
1	0.520			
1	0.520			
1	0.520			
1	0.521			
1	0.521			
1	0.521			
1	0.521			
1	0.521			
1	0.521			
1	0.521			
1	0.521			
1	0.521			
1	0.522			
1	0.522			
1	0.522			
1	0.522			
1	0.522			
1	0.522			
1	0.522			
1	0.523			
1	0.523			
1	0.523			
1	0.523			
1	0.523			
1	0.523			
1	0.523			
1	0.523			
1	0.523			
1	0.523			
1	0.524			
1	0.524			
1	0.524			
1	0.525			
1	0.525			
1	0.525			
1	0.525			
1	0.525			
1	0.526			
1	0.526			
1	0.526			
1	0.526			
1	0.526			
1	0.526			
1	0.526			
1	0.526			
1	0.526			
1	0.526			
1	0.526			
1	0.526			
1	0.526			
1	0.526			
1	0.526			
1	0.527			
1	0.528			
1	0.528			
1	0.529			
1	0.529			
1	0.529			
1	0.529			
1	0.530			
1	0.530			
1	0.530			
1	0.530			
1	0.530			
1	0.531			
1	0.531			
1	0.531			
1	0.531			
1	0.531			
1	0.531			
1	0.532			
1	0.532			
1	0.533			
1	0.533			
1	0.533			
1	0.534			
1	0.534			
1	0.534			
1	0.534			
1	0.534			
1	0.534			
1	0.535			
1	0.535			
1	0.535			
1	0.535			
1	0.535			
1	0.535			
1	0.535			
1	0.535			
1	0.535			
1	0.535			
1	0.535			
1	0.535			
1	0.536			
1	0.536			
1	0.536			
1	0.536			
1	0.537			
1	0.537			
1	0.538			
1	0.538			
1	0.538			
1	0.538			
1	0.538			
1	0.538			
1	0.538			
1	0.538			
1	0.538			
1	0.538			
1	0.538			
1	0.538			
1	0.538			
1	0.538			
1	0.538			
1	0.538			
1	0.539			
1	0.539			
1	0.539			
1	0.539			
1	0.539			
1	0.539			
1	0.539			
1	0.540			
1	0.540			
1	0.540			
1	0.540			
1	0.540			
1	0.540			
1	0.540			
1	0.540			
1	0.541			
1	0.541			
1	0.541			
1	0.541			
1	0.541			
1	0.541			
1	0.541			
1	0.541			
1	0.541			
1	0.542			
1	0.542			
1	0.542			
1	0.542			
1	0.542			
1	0.542			
1	0.542			
1	0.542			
1	0.542			
1	0.542			
1	0.542			
1	0.542			
1	0.542			
1	0.542			
1	0.543			
1	0.543			
1	0.543			
1	0.543			
1	0.543			
1	0.543			
1	0.543			
1	0.543			
1	0.543			
1	0.543			
1	0.543			
1	0.543			
1	0.543			
1	0.545			
1	0.545			
1	0.545			
1	0.545			
1	0.545			
1	0.546			
1	0.546			
1	0.546			
1	0.546			
1	0.547			
1	0.547			
1	0.547			
1	0.547			
1	0.548			
1	0.548			
1	0.548			
1	0.549			
1	0.549			
1	0.549			
1	0.549			
1	0.549			
1	0.550			
1	0.550			
1	0.550			
1	0.550			
1	0.550			
1	0.550			
1	0.550			
1	0.550			
1	0.550			
1	0.550			
1	0.550			
1	0.550			
1	0.550			
1	0.550			
1	0.550			
1	0.550			
1	0.550			
1	0.550			
1	0.550			
1	0.550			
1	0.550			
1	0.551			
1	0.552			
1	0.552			
1	0.553			
1	0.553			
1	0.554			
1	0.554			
1	0.554			
1	0.554			
1	0.554			
1	0.554			
1	0.554			
1	0.554			
1	0.554			
1	0.554			
1	0.554			
1	0.555			
1	0.555			
1	0.555			
1	0.555			
1	0.555			
1	0.555			
1	0.555			
1	0.555			
1	0.555			
1	0.555			
1	0.555			
1	0.555			
1	0.555			
1	0.555			
1	0.555			
1	0.555			
1	0.555			
1	0.555			
1	0.555			
1	0.555			
1	0.555			
1	0.556			
1	0.557			
1	0.557			
1	0.557			
1	0.557			
1	0.557			
1	0.557			
1	0.557			
1	0.557			
1	0.558			
1	0.559			
1	0.559			
1	0.559			
1	0.559			
1	0.56			
1	0.560			
1	0.561			
1	0.561			
1	0.561			
1	0.561			
1	0.561			
1	0.561			
1	0.561			
1	0.561			
1	0.561			
1	0.562			
1	0.563			
1	0.563			
1	0.563			
1	0.563			
1	0.563			
1	0.563			
1	0.563			
1	0.563			
1	0.563			
1	0.564			
1	0.564			
1	0.564			
1	0.564			
1	0.564			
1	0.565			
1	0.567			
1	0.567			
1	0.567			
1	0.567			
1	0.567			
1	0.567			
1	0.567			
1	0.567			
1	0.567			
1	0.567			
1	0.567			
1	0.567			
1	0.567			
1	0.567			
1	0.567			
1	0.567			
1	0.568			
1	0.568			
1	0.570			
1	0.571			
1	0.571			
1	0.571			
1	0.571			
1	0.572			
1	0.572			
1	0.572			
1	0.572			
1	0.572			
1	0.572			
1	0.572			
1	0.572			
1	0.572			
1	0.572			
1	0.572			
1	0.572			
1	0.572			
1	0.573			
1	0.574			
1	0.574			
1	0.575			
1	0.575			
1	0.576			
1	0.576			
1	0.576			
1	0.576			
1	0.576			
1	0.577			
1	0.578			
1	0.579			
1	0.579			
1	0.579			
1	0.579			
1	0.579			
1	0.579			
1	0.579			
1	0.580			
1	0.581			
1	0.582			
1	0.582			
1	0.582			
1	0.583			
1	0.584			
1	0.584			
1	0.584			
1	0.584			
1	0.584			
1	0.584			
1	0.584			
1	0.584			
1	0.584			
1	0.584			
1	0.584			
1	0.584			
1	0.585			
1	0.585			
1	0.585			
1	0.589			
1	0.589			
1	0.590			
1	0.590			
1	0.590			
1	0.590			
1	0.590			
1	0.590			
1	0.590			
1	0.590			
1	0.590			
1	0.590			
1	0.59			
1	0.59			
1	0.591			
1	0.592			
1	0.592			
1	0.592			
1	0.592			
1	0.592			
1	0.592			
1	0.592			
1	0.596			
1	0.596			
1	0.596			
1	0.596			
1	0.596			
1	0.596			
1	0.596			
1	0.596			
1	0.596			
1	0.596			
1	0.596			
1	0.596			
1	0.596			
1	0.596			
1	0.597			
1	0.597			
1	0.6			
1	0.601			
1	0.601			
1	0.601			
1	0.601			
1	0.601			
1	0.601			
1	0.602			
1	0.603			
1	0.604			
1	0.604			
1	0.606			
1	0.607			
1	0.607			
1	0.607			
1	0.607			
1	0.608			
1	0.608			
1	0.608			
1	0.608			
1	0.608			
1	0.608			
1	0.608			
1	0.608			
1	0.608			
1	0.608			
1	0.608			
1	0.608			
1	0.608			
1	0.61			
1	0.610			
1	0.613			
1	0.613			
1	0.613			
1	0.613			
1	0.613			
1	0.613			
1	0.613			
1	0.613			
1	0.613			
1	0.618			
1	0.618			
1	0.618			
1	0.618			
1	0.618			
1	0.619			
1	0.619			
1	0.619			
1	0.619			
1	0.622			
1	0.624			
1	0.624			
1	0.625			
1	0.625			
1	0.625			
1	0.626			
1	0.630			
1	0.630			
1	0.630			
1	0.630			
1	0.636			
1	0.636			
1	0.637			
1	0.637			
1	0.642			
1	0.646			
1	0.651			
1	0.654			
1	0.654			
1	0.659			
1	0.659			
1	0.671			
2	0.453			
2	0.453			
2	0.467			
2	0.472			
2	0.472			
2	0.472			
2	0.473			
2	0.473			
2	0.477			
2	0.478			
2	0.480			
2	0.484			
2	0.487			
2	0.488			
2	0.488			
2	0.488			
2	0.489			
2	0.492			
2	0.493			
2	0.493			
2	0.493			
2	0.494			
2	0.495			
2	0.495			
2	0.495			
2	0.495			
2	0.495			
2	0.495			
2	0.495			
2	0.495			
2	0.495			
2	0.496			
2	0.497			
2	0.497			
2	0.497			
2	0.497			
2	0.497			
2	0.498			
2	0.498			
2	0.498			
2	0.500			
2	0.500			
2	0.500			
2	0.500			
2	0.502			
2	0.502			
2	0.503			
2	0.503			
2	0.503			
2	0.503			
2	0.505			
2	0.505			
2	0.505			
2	0.507			
2	0.507			
2	0.508			
2	0.509			
2	0.510			
2	0.512			
2	0.512			
2	0.512			
2	0.512			
2	0.512			
2	0.512			
2	0.512			
2	0.512			
2	0.512			
2	0.512			
2	0.512			
2	0.512			
2	0.512			
2	0.513			
2	0.513			
2	0.514			
2	0.515			
2	0.515			
2	0.516			
2	0.516			
2	0.516			
2	0.516			
2	0.516			
2	0.516			
2	0.516			
2	0.516			
2	0.518			
2	0.519			
2	0.520			
2	0.521			
2	0.521			
2	0.521			
2	0.521			
2	0.521			
2	0.521			
2	0.522			
2	0.522			
2	0.522			
2	0.523			
2	0.523			
2	0.523			
2	0.523			
2	0.524			
2	0.524			
2	0.524			
2	0.525			
2	0.525			
2	0.525			
2	0.526			
2	0.527			
2	0.527			
2	0.527			
2	0.528			
2	0.528			
2	0.528			
2	0.528			
2	0.528			
2	0.528			
2	0.528			
2	0.529			
2	0.529			
2	0.531			
2	0.531			
2	0.533			
2	0.533			
2	0.533			
2	0.534			
2	0.536			
2	0.536			
2	0.536			
2	0.536			
2	0.536			
2	0.536			
2	0.536			
2	0.536			
2	0.536			
2	0.536			
2	0.536			
2	0.536			
2	0.536			
2	0.536			
2	0.537			
2	0.537			
2	0.537			
2	0.537			
2	0.537			
2	0.537			
2	0.539			
2	0.539			
2	0.539			
2	0.539			
2	0.540			
2	0.540			
2	0.540			
2	0.541			
2	0.541			
2	0.541			
2	0.541			
2	0.541			
2	0.542			
2	0.543			
2	0.543			
2	0.544			
2	0.544			
2	0.544			
2	0.544			
2	0.544			
2	0.545			
2	0.545			
2	0.545			
2	0.545			
2	0.545			
2	0.545			
2	0.547			
2	0.548			
2	0.548			
2	0.548			
2	0.548			
2	0.548			
2	0.548			
2	0.548			
2	0.548			
2	0.549			
2	0.549			
2	0.549			
2	0.549			
2	0.549			
2	0.550			
2	0.550			
2	0.550			
2	0.550			
2	0.550			
2	0.550			
2	0.551			
2	0.551			
2	0.551			
2	0.551			
2	0.551			
2	0.552			
2	0.552			
2	0.552			
2	0.552			
2	0.552			
2	0.552			
2	0.552			
2	0.552			
2	0.552			
2	0.552			
2	0.552			
2	0.552			
2	0.552			
2	0.553			
2	0.553			
2	0.553			
2	0.553			
2	0.555			
2	0.555			
2	0.555			
2	0.555			
2	0.556			
2	0.556			
2	0.556			
2	0.556			
2	0.556			
2	0.556			
2	0.556			
2	0.557			
2	0.557			
2	0.557			
2	0.557			
2	0.557			
2	0.557			
2	0.557			
2	0.557			
2	0.557			
2	0.558			
2	0.558			
2	0.558			
2	0.558			
2	0.558			
2	0.559			
2	0.560			
2	0.560			
2	0.560			
2	0.560			
2	0.560			
2	0.560			
2	0.560			
2	0.560			
2	0.56			
2	0.562			
2	0.562			
2	0.563			
2	0.564			
2	0.564			
2	0.565			
2	0.565			
2	0.565			
2	0.565			
2	0.566			
2	0.566			
2	0.566			
2	0.566			
2	0.566			
2	0.566			
2	0.566			
2	0.566			
2	0.566			
2	0.566			
2	0.566			
2	0.566			
2	0.568			
2	0.569			
2	0.569			
2	0.569			
2	0.569			
2	0.569			
2	0.569			
2	0.569			
2	0.569			
2	0.569			
2	0.569			
2	0.570			
2	0.570			
2	0.570			
2	0.570			
2	0.570			
2	0.571			
2	0.571			
2	0.572			
2	0.572			
2	0.572			
2	0.572			
2	0.572			
2	0.573			
2	0.573			
2	0.573			
2	0.573			
2	0.573			
2	0.574			
2	0.575			
2	0.575			
2	0.575			
2	0.575			
2	0.576			
2	0.577			
2	0.580			
2	0.580			
2	0.580			
2	0.580			
2	0.580			
2	0.580			
2	0.580			
2	0.580			
2	0.580			
2	0.581			
2	0.581			
2	0.581			
2	0.581			
2	0.581			
2	0.581			
2	0.581			
2	0.583			
2	0.583			
2	0.583			
2	0.583			
2	0.584			
2	0.584			
2	0.584			
2	0.584			
2	0.584			
2	0.584			
2	0.584			
2	0.584			
2	0.585			
2	0.585			
2	0.587			
2	0.587			
2	0.587			
2	0.587			
2	0.588			
2	0.588			
2	0.588			
2	0.588			
2	0.589			
2	0.594			
2	0.594			
2	0.594			
2	0.594			
2	0.594			
2	0.595			
2	0.595			
2	0.595			
2	0.595			
2	0.595			
2	0.595			
2	0.595			
2	0.597			
2	0.597			
2	0.597			
2	0.597			
2	0.597			
2	0.597			
2	0.597			
2	0.597			
2	0.597			
2	0.598			
2	0.598			
2	0.600			
2	0.600			
2	0.600			
2	0.604			
2	0.605			
2	0.606			
2	0.606			
2	0.607			
2	0.607			
2	0.608			
2	0.608			
2	0.609			
2	0.609			
2	0.610			
2	0.610			
2	0.612			
2	0.612			
2	0.613			
2	0.614			
2	0.621			
2	0.623			
2	0.625			
2	0.626			
2	0.629			
2	0.632			
2	0.649			
2	0.653			
2	0.656			
2	0.660			
2	0.664			
2	0.666			
2	0.678			
2	0.701			
2	0.753			
3	0.476			
3	0.482			
3	0.486			
3	0.492			
3	0.493			
3	0.494			
3	0.497			
3	0.497			
3	0.500			
3	0.500			
3	0.501			
3	0.504			
3	0.504			
3	0.507			
3	0.515			
3	0.515			
3	0.515			
3	0.516			
3	0.517			
3	0.517			
3	0.517			
3	0.517			
3	0.517			
3	0.517			
3	0.519			
3	0.522			
3	0.522			
3	0.522			
3	0.522			
3	0.523			
3	0.523			
3	0.523			
3	0.524			
3	0.525			
3	0.526			
3	0.527			
3	0.528			
3	0.528			
3	0.528			
3	0.529			
3	0.530			
3	0.531			
3	0.531			
3	0.533			
3	0.533			
3	0.535			
3	0.535			
3	0.536			
3	0.536			
3	0.536			
3	0.537			
3	0.537			
3	0.537			
3	0.537			
3	0.537			
3	0.539			
3	0.539			
3	0.540			
3	0.540			
3	0.540			
3	0.540			
3	0.540			
3	0.540			
3	0.542			
3	0.542			
3	0.546			
3	0.546			
3	0.546			
3	0.546			
3	0.547			
3	0.547			
3	0.548			
3	0.548			
3	0.548			
3	0.549			
3	0.552			
3	0.552			
3	0.552			
3	0.553			
3	0.553			
3	0.555			
3	0.555			
3	0.556			
3	0.556			
3	0.556			
3	0.556			
3	0.560			
3	0.560			
3	0.560			
3	0.561			
3	0.561			
3	0.561			
3	0.561			
3	0.561			
3	0.564			
3	0.564			
3	0.564			
3	0.564			
3	0.565			
3	0.566			
3	0.566			
3	0.566			
3	0.566			
3	0.566			
3	0.566			
3	0.567			
3	0.567			
3	0.567			
3	0.567			
3	0.567			
3	0.567			
3	0.569			
3	0.570			
3	0.570			
3	0.570			
3	0.570			
3	0.570			
3	0.570			
3	0.572			
3	0.572			
3	0.572			
3	0.572			
3	0.573			
3	0.573			
3	0.573			
3	0.573			
3	0.576			
3	0.576			
3	0.577			
3	0.577			
3	0.577			
3	0.579			
3	0.580			
3	0.580			
3	0.581			
3	0.581			
3	0.583			
3	0.584			
3	0.584			
3	0.585			
3	0.588			
3	0.588			
3	0.588			
3	0.591			
3	0.591			
3	0.591			
3	0.594			
3	0.594			
3	0.595			
3	0.595			
3	0.595			
3	0.597			
3	0.597			
3	0.597			
3	0.600			
3	0.600			
3	0.600			
3	0.6			
3	0.605			
3	0.606			
3	0.606			
3	0.606			
3	0.606			
3	0.606			
3	0.608			
3	0.610			
3	0.611			
3	0.612			
3	0.614			
3	0.614			
3	0.614			
3	0.615			
3	0.616			
3	0.619			
3	0.621			
3	0.625			
3	0.634			
3	0.637			
3	0.637			
3	0.637			
3	0.637			
3	0.638			
3	0.638			
3	0.640			
3	0.644			
3	0.644			
3	0.649			
3	0.651			
3	0.664			
3	0.665			
3	0.665			
3	0.665			
3	0.665			
3	0.672			
3	0.684			
4	0.352			
4	0.477			
4	0.477			
4	0.493			
4	0.498			
4	0.499			
4	0.505			
4	0.508			
4	0.508			
4	0.519			
4	0.519			
4	0.525			
4	0.525			
4	0.527			
4	0.527			
4	0.527			
4	0.527			
4	0.528			
4	0.533			
4	0.537			
4	0.537			
4	0.537			
4	0.540			
4	0.543			
4	0.544			
4	0.546			
4	0.556			
4	0.558			
4	0.559			
4	0.559			
4	0.560			
4	0.566			
4	0.566			
4	0.566			
4	0.569			
4	0.569			
4	0.569			
4	0.570			
4	0.572			
4	0.572			
4	0.572			
4	0.572			
4	0.575			
4	0.576			
4	0.576			
4	0.577			
4	0.577			
4	0.577			
4	0.577			
4	0.577			
4	0.580			
4	0.584			
4	0.585			
4	0.593			
4	0.593			
4	0.594			
4	0.596			
4	0.597			
4	0.597			
4	0.600			
4	0.600			
4	0.600			
4	0.600			
4	0.612			
4	0.612			
4	0.612			
4	0.612			
4	0.612			
4	0.618			
4	0.623			
4	0.623			
4	0.625			
4	0.625			
4	0.668			
